0.06571489 0.2303160
1.414364 -0.01575905
2.872223 -0.06308874
4.452276 -0.2053056
5.796456 -0.06747243
13.32543 3.033092
16.07626 3.078613
18.67389 3.072679
21.10941 3.084867
23.79491 3.000931
 
0.02181727 -0.03607894
3.365652 -0.07229453
6.920031 -0.03295775
9.923975 -0.08825809
13.40714 -0.06149884
24.44736 4.586943
29.31783 4.556314
33.93587 4.53802
38.97314 4.521750
43.75625 4.4062
 
0.02074580 0.1739091
1.176939 0.1615831
2.027733 0.08801972
3.028276 -0.001019972
4.194618 0.1273558
10.84923 2.337408
12.91623 2.365095
15.19121 2.174778
17.24435 2.17621
19.61527 2.213470
 
0.03896056 -0.09052642
1.005938 -0.008118817
2.015068 -0.03258362
3.077394 -0.02671619
4.050872 0.0630134
31.79728 5.21523
38.27357 5.210043
44.56801 5.4071
50.93116 5.29046
57.32375 5.184329
 
0.2276501 0.07848954
2.655029 0.05807567
5.23057 0.06996767
7.988999 -0.06538479
10.34081 -0.08025183
22.03265 4.214996
26.47676 4.103947
30.98611 3.869666
35.25364 4.046791
39.50241 3.878616
 
-0.3312554 0.1486825
1.173469 -0.03068130
2.179144 -0.0846988
3.373045 0.01330568
4.430101 -0.03435861
21.67296 4.604631
26.00076 4.402198
30.29871 4.571248
34.64554 4.51082
39.04137 4.565562
 
0.03620037 0.0451948
2.517443 -0.1402797
5.287587 0.01842692
7.897627 -0.01577593
10.52837 -0.1569777
20.01984 5.025606
24.13502 4.692283
27.97452 4.888008
32.06967 4.901934
36.03908 4.84302
 
-0.1169519 0.1686707
4.379682 0.03803801
8.75973 0.09113694
13.26712 0.074716
17.77827 0.1343772
27.83088 5.783279
33.06796 5.845747
38.63596 5.981702
44.2634 5.821623
49.73315 5.750356
 
0.002529275 0.1782543
2.463803 0.03769507
4.920524 0.1612237
7.304254 -0.1454719
9.764472 -0.07241311
26.38722 3.746991
31.82138 3.677922
36.97335 3.628086
42.10512 3.582929
47.59895 3.660880
 
-0.2537048 -0.03367645
6.545579 -0.09787563
13.34853 0.05359183
19.99492 0.03271754
26.52456 -0.00848572
46.49707 8.805046
55.71007 8.955375
65.19548 8.820901
74.37516 8.889496
83.6648 8.986223
 
0.134821 0.1503166
1.787807 0.05517856
3.234315 0.1454906
4.761181 0.09249778
6.721724 -0.07637905
21.29473 3.046781
25.63375 3.258941
29.88425 3.045116
34.28065 3.172029
38.52597 3.327706
 
0.05995165 0.09643148
2.451744 -0.1250093
4.925302 -0.1356570
7.36789 -0.06010485
9.879459 -0.01081643
26.61583 3.653407
31.8884 3.581577
37.34294 3.440394
42.77083 3.627003
48.07353 3.512754
 
0.1768269 0.05563877
1.182695 0.01718583
2.164027 -0.01649061
3.023169 -0.01393123
4.248030 -0.1000102
19.27191 2.575287
23.30873 2.540104
27.05936 2.624987
30.89802 2.760996
34.9373 2.57145
 
0.1547164 -0.09265618
1.157445 0.08748721
2.039604 0.07189399
3.270543 -0.06916706
4.421423 0.08247372
21.56212 2.043954
25.75637 1.978453
29.96759 2.154129
34.04598 2.028387
38.67586 2.272183
 
-0.03329994 -0.08278629
1.067127 -0.01224285
2.409977 -0.1262191
3.492583 -0.09001183
4.871479 -0.005992796
12.33808 2.159436
14.69569 2.364019
17.31529 2.32004
19.77367 2.392946
22.04768 2.261379
 
-0.005769534 -0.02742254
1.519388 -0.02429254
2.875406 -0.2247152
4.120677 -0.1476941
5.583846 -0.05725115
12.66995 2.501674
15.67162 2.490446
18.24756 2.640743
20.66442 2.487861
23.25831 2.298726
 
0.1011979 -0.04947686
1.961929 -0.06256141
3.93303 0.04527919
5.863629 -0.0220946
7.901426 -0.07625506
25.68831 3.611469
30.87521 3.552151
36.3017 3.551751
41.35756 3.638849
46.42212 3.588263
 
-0.05705136 0.1156323
6.231503 -0.01189252
12.52424 0.1693886
18.69382 -0.06375534
24.82261 -0.07419676
38.76267 7.340293
46.53696 7.23013
54.19057 7.203524
62.02147 7.348369
69.69027 7.145959
 
-0.01888691 -0.1155035
1.087343 -0.02341525
2.146112 0.005506353
3.172211 0.07811891
4.573667 -0.04497459
22.41267 2.485697
26.93161 2.445763
31.38546 2.197036
35.93542 2.390756
40.56171 2.380913
 
-0.01829908 0.04596853
1.076480 0.08965944
1.953674 -0.04055337
3.061749 0.04725108
3.971584 0.0221862
10.10474 2.74234
12.15546 2.890825
14.25415 2.947162
16.28993 2.778324
18.13461 2.921694
 
0.08398108 0.006626122
1.714823 -0.03598391
3.185082 -0.03677432
4.775975 -0.1365962
6.438546 0.03126487
14.26097 2.983215
17.25459 2.889239
19.92286 2.990176
22.89068 2.961867
25.83837 2.906276
 
0.0005631549 0.002279987
3.82102 -0.07235904
7.909106 -0.06640872
11.81314 -0.03530508
15.88427 -0.05967609
29.38695 5.308167
35.09509 5.268452
40.86731 5.21203
46.8037 5.36351
52.87167 5.446921
 
-0.005991228 -0.03690457
1.066973 0.08017441
2.288731 0.08621928
3.358397 -0.02622854
4.481173 -0.04377244
14.10275 1.883115
16.82309 2.207605
19.75492 2.209530
22.50123 2.083841
25.30142 2.068056
 
0.2012263 -0.03423318
3.312768 0.07839876
6.691232 0.1152464
10.06792 0.0993068
13.37147 -0.02032746
22.82402 5.061381
27.4558 5.071979
31.82186 5.080915
36.32986 5.037111
40.95856 5.083497
 
-0.1249943 -0.1556823
1.139580 -0.1072613
2.309302 0.1899276
3.62793 -0.07463545
4.987796 -0.0879329
29.42557 2.457153
35.05348 2.440895
41.07046 2.431574
47.04228 2.434173
52.77405 2.355119
 
-0.02386861 0.02368521
2.176548 0.1369911
3.996074 0.01443730
5.911229 -0.01833399
7.629709 0.01440576
15.27689 3.083162
18.19168 3.224357
21.35093 3.187975
24.43651 3.107757
27.34509 3.141927
 
-0.04631113 0.05354281
0.9921704 -0.001913702
1.860896 -0.0769672
3.339349 0.2775329
4.110475 0.1305278
16.56244 7.038517
19.92918 7.228202
23.26088 7.156528
26.61628 7.05845
29.84932 7.146778
 
-0.007964355 0.1269792
4.939541 -0.05782744
10.09739 -0.04042835
14.94643 -0.002294463
20.03978 0.1659705
30.13045 6.785215
36.39276 6.682192
42.3974 6.631622
48.42737 6.611303
54.41382 6.771873
 
-0.08473467 0.1181832
2.314398 -0.1306588
4.78348 -0.05033189
7.05724 -0.001232519
9.263353 -0.03927739
32.74045 5.16002
39.08478 5.268376
45.68213 5.29592
52.34406 5.328088
58.86713 5.410193
 
